massofweight =[4.65  9.32  14.17 18.99 23.80 28.51];
gravityofweight = massofweight * 9.794 /1000